80
74.246514
65.872684
86.509420
11.818640
98.479098
93.441228
31.069982
103.345882
62.172010
60.943679
45.156281
0.084360
48.053640
62.126548
11.239149
18.661833
91.977691
66.141439
62.766049
66.221948
38.473731
88.863231
72.960274
78.692867
11.547604
33.879479
57.180144
40.681013
69.133523
36.023916
103.753667
109.714146
45.888028
96.368721
109.156078
15.603784
67.681320
62.751342
35.397009
99.946839
77.333222
25.914033
96.667883
89.776457
83.842442
95.866000
101.558552
75.539129
104.339627
112.244485
60.960535
11.629353
112.285547
62.182530
75.564632
85.646178
83.337316
84.240661
104.699926
5.750627
105.623552
41.765247
102.699768
13.094545
50.744508
76.966073
78.791664
52.305320
84.326749
83.585276
15.053618
88.925836
93.521182
15.415156
48.868664
51.704368
56.528101
46.632897
72.453992
102.603784
13.199724
198.967593
112.096024
192.372903
169.664622
43.759030
50.082020
140.284076
78.906622
14.639277
32.367810
173.605707
178.874663
126.644618
111.960514
146.910538
21.703421
195.841142
69.952829
32.210409
124.573015
76.342853
190.179203
189.540594
179.554244
82.413739
43.785538
106.217178
95.401096
173.300384
166.347501
71.167679
25.262475
62.408272
166.832509
10.695591
21.744832
143.255341
96.306740
162.432961
92.412813
173.877507
121.298278
91.033491
115.366597
70.278039
161.745702
61.987874
161.519301
13.804391
125.337396
60.507027
118.250007
73.711389
111.810157
158.815061
85.341472
111.612133
64.940613
159.943750
85.974153
15.863322
125.589760
10.234007
115.257511
18.067121
103.856542
197.742543
58.652400
49.082227
18.628562
20.897973
163.222676
82.695067
60.193946
150.855610
38.865129
19.405511
91.003586
27.195661
